6238
6497
5349
8934
5304
4152
2928
3144
4803
8406
4429
5102
5820
3642
6247
6594
1258
8420
3089
5281
4944
6404
8418
4712
4578
3627
6562
5383
6813
5233
8041
6514
1606
1601
1311
1523
1716
1230
4733
6286
6255
2384
3367
2381
6004
2391
2411
2403
6280
8078
6702
2396
6012
3053
2350
2315
2341
3474
8008
1107
2336
5854
3063
2361
3061
2463
3584
1520
3573
2494
3020
2452
9922
2418
8199
3214
3638
2447
2469
3142
3614
2479
3007
3599
3009
5280
3598
2473
3534
2854
3697
3080
3271
2837
2526
6119
9801
9915
2446
2833
2831
2827
2847
2807
6457
6495
3202
6626
2437
7555
1585
6287
5277
8497
6288
1613
3559
3315
1729
1715
1469
4984
3682
2475
3383
2499
5259
3514
6289
3698
2448
6131
3561
1592
3519
3579
5305
4725
2325
1704
1724
3536
2311
1262
5264
8427
6172
2823
2856
6145
2888
1507
4141
1701
4144
6452
6251
6422
2456
8480
2358
2443
2936
2841
1902
