4578
3627
6914
6562
4949
1563
6953
6423
6928
6771
6881
6794
6903
6952
6813
6951
6617
6637
7751
3150
7584
6999
6838
5233
6968
6958
8041
6739
2751
4772
6967
6923
1294
6913
6919
8272
2646
8045
7705
7722
7712
7708
6997
7703
6996
6982
6885
6955
7704
6720
7715
7714
7732
6931
6994
4749
6495
7713
7709
7734
6872
7728
2248
7631
7736
7718
3467
6936
7723
6597
6626
6498
7743
7642
6909
7805
7555
1295
1585
6925
6944
6918
7740
7747
5277
7547
7721
3135
7753
4166
7751
7765
7780
7610
4441
7860
7799
7750
2750
4585
6971
7738
7788
7757
7716
7782
7791
7730
6699
3158
7786
7711
6831
6614
6474
7744
7769
7767
6730
7770
6910
6884
7805
8102
7777
7810
6272
6620
6764
6725
6403
7795
6722
7893
6961
1623
7792
4590
6934
5547
7811
6908
2072
6028
7822
3616
4169
4132
4773
6652
7794
7821
7828
7820
7760
4178
3485
7768
7772
4195
7842
7818
7803
4582
6983
7907
7819
7827
7920
6945
7839
1780
6986
7931
7814
6883
6947
7689
7575
4546
2237
7855
7834
4150
7825
2938
7856
7812
3659
6618
6604
7745
7867
7748
7742
7826
7759
7758
7761
7752
7737
7756
7824
7754
7762
6434
7832
7719
7833
6428
6493
6483
6467
6473
7735
7729
7731
7831
7829
6407
7726
8458
7725
7724
7763
5297
7806
5267
5271
7801
7798
7797
7796
5262
9957
7813
7816
4980
7815
7808
5240
5246
5248
5254
6027
7771
6035
7784
7783
7781
7779
7776
7773
7764
8999
7785
5859
5863
7790
7789
7866
6864
6867
7847
6868
7558
7561
7566
7562
6857
6858
6850
6898
7455
7507
7951
7443
6892
6891
6876
6878
7551
6879
6882
7848
7530
7516
6886
7950
6849
7846
6808
6810
6812
6798
6797
6787
6793
7843
7590
8058
6848
6814
6816
6833
6839
6842
6847
6832
6817
6818
6819
6820
6825
6826
6827
7583
7578
6815
7949
7899
7853
6972
6973
7854
7898
7901
6976
6979
6980
7897
6984
6977
7902
7904
7913
7912
7911
7909
6959
7850
6963
7907
7851
6987
7858
7887
7886
7885
7883
7882
7881
7880
7879
7888
7878
7876
7875
7873
7872
7871
7870
7869
7868
7877
7889
7890
7865
7896
7860
7861
6990
6992
7895
6995
7894
7893
7862
7892
7891
6999
7863
7857
7914
6920
7933
7932
7931
7934
7422
7930
6926
7929
7928
7935
7936
7947
7427
6911
6912
7945
7944
6915
7943
7942
6917
7939
6927
7927
7418
6946
7415
7920
7919
6950
7918
7849
7917
7915
6786
7921
6939
7926
7925
7924
6932
7419
6935
7922
6938
6940
6610
7837
6599
6586
6595
6583
6621
7707
6648
7706
6650
6659
6634
6638
6639
6622
6660
8298
8359
8345
6518
7836
6536
6563
6564
6565
6572
7710
6580
6559
6543
8329
6549
6555
6539
6734
8098
6737
6738
6723
6729
7607
7595
6775
6780
6744
6748
6750
6755
6758
6676
6677
7841
6682
7702
6673
6665
7840
6709
8119
6784
6707
6696
7686
7669
6704
6705
2071
1480
1594
2245
2249
2252
2255
2256
1260
1269
1343
1271
1293
3678
3603
3633
3644
4115
4117
3595
3473
3585
4738
4765
4587
4589
4724
4732
4925
4194
4197
4431
4186
4170
4172
4553
4559
4565
4570
4573
4575
4537
4544
2758
2760
2761
2733
2741
2940
2644
2942
3194
3184
3117
3097
